201_headxflow,,186_headxflow,,175_headxflow,,167_headxflow,,156_headxflow,,all_npshxflow,,201_powerxflow,,186_powerxflow,,175_powerxflow,,167_powerxflow,,156_powerxflow,,201_effxflow,,186_effxflow,,175_effxflow,,167_effxflow,,156_effxflow,
X,Y,X,Y,X,Y,X,Y,X,Y,X,Y,X,Y,X,Y,X,Y,X,Y,X,Y,X,Y,X,Y,X,Y,X,Y,X,Y
10.098349673313049,77.82703567671685,7.3626453998714645,57.562116748782515,4.576279936180963,45.718137156990466,3.411072560455846,35.917569428837254,1.5366085212458707,21.717809280875542,1.5727858784363882,1.0757376581755906,10.10570998648602,13.00477566714494,7.3680117594923615,8.94626148637019,4.579615417184016,6.957223905882387,3.413558764945975,5.348443509899596,1.537728498302176,3.2424037187948613,10.130235429913238,16.672727944479675,7.394131620270951,17.315871010725687,4.6125206373687995,9.662468522397603,3.4474331225038917,9.469525602523845,1.5743141885029424,7.304277279495409
10.402316814806557,77.76195886577293,7.666612541364973,57.53608602440495,4.880247077674472,45.65306034604653,3.7150397019493546,35.865507980082114,1.8405756627393828,21.652732469931635,1.8765311180419424,1.0758813559865885,10.409898678374198,13.063276772453406,7.672200451380547,8.990137315351546,4.883804109072194,7.0157250111908525,3.717747456834161,5.40694461520809,1.8419171901903582,3.2643416332855395,10.433803035206044,17.315871010725687,7.697645954070335,18.044766485804644,4.916061606914891,10.34848779306003,3.750947456303269,10.198421077602688,1.8777619329355382,8.140363265615292
10.706283956300066,77.68386669264024,7.970579682858489,57.45799385127225,5.1842142191679805,45.54893744853628,4.019006843442863,35.82646189351577,2.1445428042328913,21.61368638336529,2.180276357647493,1.0760250537975864,10.714087370262384,13.121777877761872,7.976389143268733,9.034013144332903,5.18799280096038,7.037662925681531,4.021936148722347,5.436195167862309,2.146105882078544,3.308217462266896,10.737357322625495,17.98045217918002,8.001186923616427,18.73078575646707,5.219615894334343,11.013068961514364,4.054448472229293,10.94875465488974,2.1812229952414945,8.955011149526968
11.010251097793581,77.64482060607389,8.274546824351997,57.37990167813956,5.488181360661496,45.47084527540359,4.322973984936372,35.74836972038307,2.4485099457264,21.548609572421384,2.4840215972530473,1.0761687516085843,11.01827606215057,13.172966344906797,8.280577835156912,9.0852016114778,5.492181492848566,7.088851392826427,4.326124840610525,5.465445720516527,2.450294573966726,3.330155376757574,11.040911610044947,18.645033347634126,8.304714575289164,19.438243129337707,5.523156863880434,11.699088232176791,4.357976123902031,11.656212027760375,2.484710693294165,9.726782829022227
11.31421823928709,77.57974379512997,8.578513965845506,57.34085559157322,5.792148502155005,45.379737740082106,4.62694112642988,35.69630827162793,2.7524770872199085,21.470517399288696,2.787766836858598,1.0763124494195822,11.322464754038755,13.231467450215234,8.584766527045097,9.121764802295587,5.796370184736745,7.110789307317106,4.630313532498711,5.523946825824993,2.754483265854912,3.352093291248252,11.344492533211113,19.266738311672157,8.608242226961902,20.145700502208342,5.826684515553172,12.406545605047427,4.661463821954701,12.427983707255635,2.788198391346832,10.498554508517486
11.618185380780599,77.52768234637485,8.882481107339014,57.262763418440514,6.096115643648513,45.288630204760636,4.930908267923396,35.65726218506158,3.056444228713417,21.44448667491112,3.0915120764641486,1.0764561472305871,11.626653445926934,13.2899685555237,8.888955218933283,9.172953269440484,6.10055887662493,7.169290412625571,4.934502224386897,5.538572102152131,3.058671957743094,3.39596912022958,11.648046820630565,19.931319480126263,8.91176987863464,20.853157875078978,6.130238802972624,13.07112677350176,4.964951520007364,13.199755386750894,3.0916461357794276,11.33464049463737
11.922152522274107,77.46260553543094,9.186448248832523,57.22371733187417,6.400082785142022,45.19752266943915,5.2348754094169045,35.592185374117676,3.360411370206929,21.366394501778416,3.395257316069703,1.076599845041585,11.93084213781512,13.341157022668625,9.193143910821469,9.2095164602583,6.404747568513116,7.191228327116249,5.238690916275075,5.597073207460568,3.36286064963128,3.4179070347202583,11.95161442592337,20.574462546372388,9.215310848180739,21.539177145741405,6.433779772518722,13.757146044164188,5.268479171680102,13.907212759621643,3.3950938802120234,12.170726480757253
12.226119663767616,77.38451336229824,9.490415390326032,57.15864052093026,6.7040499266355305,45.10641513411767,5.538842550910413,35.51409320098499,3.6643785117004377,21.30131769083451,3.6990025556752535,1.076743542852583,12.235030829703305,13.39965812797709,9.497332602709648,9.260704927403197,6.708936260401302,7.249729432424715,5.542879608163261,5.6116984837877055,3.667049341519462,3.4471575873745053,12.255182031216176,21.2176056126184,9.51886513560019,22.20375831419574,6.737334059938174,14.421727212618407,5.57200682335284,14.614670132492279,3.6986082140114043,12.899621955836096
12.530086805261124,77.34546727573189,9.79438253181954,57.080548347797574,7.008017068129039,45.02832296098498,5.842809692403922,35.47504711441864,3.9683456531939463,21.262271604268165,4.002747795280801,1.0768872406635808,12.539219521591484,13.450846595121988,9.801521294597833,9.304580756384524,7.0131249522894805,7.278979985078962,5.847068300051447,5.662886950932602,3.9712380334076443,3.491033416355833,12.558762954382342,21.839310576656317,9.822406105146289,22.889777584858166,7.04091498310434,15.04343217665621,5.875534475025585,15.322127505362914,4.002135865684149,13.607079328706845
12.834053946754633,77.28039046478798,10.098349673313049,57.05451762342,7.311984209622548,44.92420006347473,6.14677683389743,35.422985665663504,4.272312794687455,21.184179431135462,4.306493034886355,1.0770309384745786,12.84340821347967,13.516660338593994,10.10570998648602,9.34845658536588,7.317313644177666,7.3155431758967495,6.151256991939626,5.69945014175039,4.27542672529583,3.505658692682971,12.862370513295229,22.418139336277818,10.125960392565734,23.5543587533125,7.344469270523792,15.708013345110544,6.179062126698323,16.02958487823355,4.305636881610173,14.357412905993783
13.138021088248141,77.21531365384406,10.402316814806557,56.96341008809853,7.615951351116056,44.846107890342026,6.450743975390939,35.3579088547196,4.576279936180963,21.145133344569118,4.610238274491909,1.0771746362855836,13.147596905367855,13.567848805738919,10.409898678374198,9.392332414347237,7.621502336065852,7.366731643041646,6.455445683827811,5.728700694404637,4.579615417184016,3.5349092453371895,13.165964754334748,23.018406198107414,10.429501362111832,24.240378023974813,7.648023557943244,16.372594513564877,6.482589778371061,16.7370422511043,4.609124579662836,15.129184585489156
13.44198822974165,77.15023684290016,10.706283956300066,56.91134863934339,7.919918492609565,44.75500035502054,6.754711116884447,35.30584740596446,4.880247077674472,21.08005653362521,4.913983514097463,1.0773183340965815,13.451785597256041,13.619037272883816,10.714087370262384,9.443520881492162,7.925691027954031,7.3886695575323245,6.759634375715997,5.779889161549534,4.883804109072194,3.5860977124821147,13.469545677500914,23.64011116214533,10.733055649531284,24.904959192429146,7.951604481109403,16.99429947760268,6.786117430043799,17.444499623974934,4.912612277715507,15.900956264984416
13.745955371235159,77.08516003195625,11.010251097793581,56.85928719058825,8.223885634103073,44.67690818188785,7.058678258377956,35.253785957209345,5.1842142191679805,21.001964360492522,5.21772875370301,1.0774620319075794,13.75597428914422,13.67753837819231,11.01827606215057,9.480084072309921,8.229879719842216,7.44717066284079,7.063823067604183,5.794514437876643,5.18799280096038,3.593410350645655,13.773139918540434,24.240378023974813,11.036636572697443,25.52666415646695,8.255172086402215,17.637442543848692,7.0896717174632435,18.109080792429154,5.216126611514884,16.62985174006326
14.049922512728674,77.00706785882355,11.31421823928709,56.78119501745556,8.527852775596589,44.559769922188806,7.3626453998714645,35.16267842188786,5.488181360661496,20.949902911737382,5.5213968222619165,1.0940591290779906,14.060162981032406,13.736039483500747,11.322464754038755,9.531272539454847,8.534068411730402,7.469108577331468,7.3680117594923615,5.8530155431851085,5.492181492848566,3.629973541463471,14.076734159579953,24.840644885804522,11.340204177990255,26.169807222713075,8.558766327441734,18.2377094056784,7.393199369135981,18.816538165299903,5.519667581060975,17.315871010725687
14.353889654222183,76.94199104787964,11.618185380780599,56.71611820651165,8.831819917090098,44.455647024678555,7.666612541364973,35.11061697313272,5.792148502155005,20.858795376415898,5.825142061867471,1.0942028268889885,14.364351672920591,13.787227950645672,11.626653445926934,9.567835730272634,8.838257103618588,7.5276096826399055,7.672200451380547,5.874953457675787,5.796370184736745,3.673849370444799,14.380355036366186,25.398035543217816,11.64377178328306,26.812950288959087,8.862360568481254,18.837976267507997,7.696753656555433,19.48111933375401,5.823208550607074,18.001890281388114
14.657856795715691,76.86389887474694,11.922152522274107,56.62501067119017,9.135787058583606,44.37755485154585,7.970579682858489,35.03252480000003,6.096115643648513,20.79371856547199,6.128887301473018,1.0943465246999935,14.66854036480877,13.84572905595411,11.93084213781512,9.61902419741756,9.142445795506767,7.549547597130584,7.976389143268733,5.911516648493603,6.10055887662493,3.681162008608368,14.683949277405706,25.99830240504741,11.947339388575866,27.4560933552051,9.16594149164742,19.459681231545915,8.000321261848246,20.124262400000134,6.126736202279812,18.70934765425875
14.9618239372092,76.79882206380303,12.226119663767616,56.55993386024626,9.439754200077115,44.2734319540356,8.274546824351997,34.967447989056126,6.400082785142022,20.702611030150507,6.432606817396358,1.0999746889641315,14.972729056696956,13.904230161262603,12.235030829703305,9.655587388235318,9.446634487394952,7.600736064275509,8.280577835156912,5.962705115638499,6.404747568513116,3.7177251994261553,14.9875834720653,26.534254960252497,12.250920311742032,28.07779831924313,9.469522414813579,20.08138619558372,8.303862231394337,20.810281670662675,6.430290489699271,19.373928822713083
15.265791078702708,76.72072989067033,12.530086805261124,56.48184168711357,9.743721341570623,44.169309056525336,8.578513965845506,34.88935581592342,6.7040499266355305,20.6375342192066,6.736300609637478,1.1110873196814026,15.276917748585142,13.9554186284075,12.539219521591484,9.699463217216675,9.750823179283138,7.6299866169297275,8.584766527045097,5.984643030129149,6.708936260401302,3.7616010284075116,15.291191030978172,27.113083719874,12.554487917034837,28.72094138548914,9.773116655853112,20.681653057413428,8.607429836687142,21.453424736908687,6.733831459245362,20.05994809337551
15.569758220196217,76.64263771753764,12.834053946754633,56.416764876169665,10.047688483064132,44.078201521203866,8.882481107339014,34.811263642790735,7.008017068129039,20.546426683885116,7.0400458492430324,1.1112310174924005,15.581106440473327,14.013919733715966,12.84340821347967,9.743339046198031,10.055011871171317,7.673862445911084,8.888955218933283,6.035831497274074,7.0131249522894805,3.768913666571052,15.594798589891052,27.6919124794955,12.858082158074364,29.321208247318737,10.076724214765985,21.26048181703493,8.910984124106594,22.118005905362907,7.037372428791453,20.74596736403805
15.873725361689726,76.57756090659373,13.138021088248141,56.32565734084818,10.35165562455764,43.9740786236936,9.186448248832523,34.74618683184683,7.311984209622548,20.494365235130005,7.34379108884858,1.1113747153033984,15.885295132361506,14.065108200860863,13.147596905367855,9.787214875179359,10.359200563059503,7.71773827489244,9.193143910821469,6.050456773601184,7.317313644177666,3.805476857388868,15.898419466677286,28.24930313690868,13.161689716987244,29.900037006940124,10.380318455805504,21.86074867886441,9.21457836514612,22.718272767192616,7.340926716210905,21.41054853249227
16.177692503183234,76.49946873346103,13.44198822974165,56.27359589209304,10.655622766051149,43.8959864505609,9.490415390326032,34.668094658714125,7.615951351116056,20.390242337619725,7.647459157407486,1.1279718124738238,16.18948382424969,14.130921944332897,13.451785597256041,9.823778065997175,10.663389254947688,7.746988827546659,9.497332602709648,6.10164524074608,7.621502336065852,3.842040048206627,16.202027025590173,28.828131896530067,13.46527064015341,30.521741970978155,10.683952650465098,22.396701234069496,9.518132652565573,23.382853935646835,7.644507639377071,22.03225349653019
16.481659644676743,76.43439192251712,13.745955371235159,56.16947299458279,10.959589907544657,43.77884819086185,9.79438253181954,34.603017847770204,7.919918492609565,20.338180888864613,7.95120439701304,1.1281155102848217,16.493672516137877,14.182110411477794,13.75597428914422,9.867653894978531,10.967577946835874,7.805489932855124,9.801521294597833,6.138208431563896,7.925691027954031,3.8566653245337648,16.50567453812312,29.342646349526945,13.768864881192929,31.122008832807637,10.987560209377978,22.975529993690998,9.821726893605092,23.98312079747643,7.948088562543237,22.653958460567992
16.78562678617025,76.34328438719564,14.049922512728674,56.11741154582765,11.263557049038166,43.687740655540395,10.098349673313049,34.5379410368263,8.223885634103073,20.234057991354348,8.254898189254153,1.1392281410020928,16.797861208026056,14.233298878622719,14.060162981032406,9.911529723959859,11.271766638724053,7.8274278473458025,10.10570998648602,6.167458984218115,8.229879719842216,3.8859158771879834,16.809322050656068,29.857160802523822,14.072472440105809,31.70083759242914,11.291167768290851,23.5543587533125,10.125307816771258,24.60482576151435,8.251656167836042,23.297101526814004
17.089593927663767,76.27820757625173,14.353889654222183,56.02630401050618,11.567524190531682,43.59663312021891,10.402316814806557,34.45984886369361,8.527852775596589,20.181996542599222,8.558617705177493,1.1448563052662308,17.102049899914242,14.291799983931185,14.364351672920591,9.955405552941215,11.575955330612238,7.878616314490699,10.409898678374198,6.21864745136304,8.534068411730402,3.9297917061693397,17.112969563189015,30.3716752555207,14.376053363271968,32.322542556467056,11.594788645077085,24.11174941072568,10.428875422064063,25.247968827760474,8.555223773128848,23.94024459306013
17.393561069157276,76.17408467874147,14.657856795715691,55.974242561751055,11.87149133202519,43.49251022270866,10.706283956300066,34.3947720527497,8.831819917090098,20.077873645088957,8.862324359259727,1.153226702756939,17.406238591802428,14.35761372740319,14.66854036480877,9.999281381922572,11.880144022500424,7.9005542289813775,10.714087370262384,6.233272727690121,8.838257103618588,3.944416982496449,17.416617075721962,30.886189708517463,14.679687557931562,32.85849511167203,11.898409521863325,24.669140068138972,10.732469663103583,25.848235689589956,8.858804696295014,24.561949557097932
17.697528210650784,76.10900786779756,14.9618239372092,55.85710430205201,12.175458473518699,43.37537196300961,11.010251097793581,34.29064915523942,9.135787058583606,20.01279683414505,9.166031013341946,1.161597100247647,17.710427283690606,14.401489556384547,14.972729056696956,10.03584457274036,12.184332714388603,7.959055334289843,11.01827606215057,6.284461194835046,9.142445795506767,3.9736675351506676,17.720211316761482,31.486456570347173,14.983281798971081,33.45876197350174,12.202030398649558,25.226530725552152,11.036077222016463,26.427064449211457,9.162398937334533,25.162216418927642
18.001495352144293,76.00488497028729,15.265791078702708,55.80504285329687,12.479425615012207,43.28426442768813,11.31421823928709,34.225572344295514,9.439754200077115,19.908673936634784,9.469750529265287,1.167225264511785,18.014615975578792,14.459990661693013,15.276917748585142,10.079720401721715,12.488521406276789,7.980993248780521,11.322464754038755,6.313711747489265,9.446634487394952,4.017543364132024,18.02385882929443,32.00097102334405,15.286929311504029,33.973276426498614,12.505677911182506,25.74104517854903,11.339671463055982,27.027331311041166,9.466006496247413,25.74104517854903
18.3054624936378,75.9267927971546,15.569758220196217,55.687904593597835,12.783392756505716,43.16712616798908,11.618185380780599,34.12144944678526,9.743721341570623,19.80455103912452,9.773444321506407,1.1783378952290633,18.318804667466978,14.518491767001478,15.581106440473327,10.123596230703072,12.792710098164974,8.039494354088987,11.626653445926934,6.342962300143512,9.750823179283138,4.032168640459162,18.327519659700737,32.494047374132606,15.590523552543548,34.57354328832821,12.809325423715453,26.255559631545907,11.643279021968862,27.606160070662554,9.769614055160293,26.31987393817053
18.60942963513131,75.83568526183312,15.873725361689726,55.62282778265393,13.087359897999225,43.06300327047883,11.922152522274107,34.043357273652575,10.047688483064132,19.72645886599183,10.077125251906413,1.1921927591729045,18.622993359355164,14.569680234146375,15.885295132361506,10.1674720596844,13.09689879005316,8.068744906743234,11.93084213781512,6.394150767288437,10.055011871171317,4.054106554949811,18.6311938079804,32.96568562271307,15.894144429329781,35.1309339457415,13.112946300501687,26.812950288959087,11.946873263008381,28.206426932492263,10.073221614073173,26.89870269779192
18.91339677662482,75.75759308870043,16.177692503183234,55.50568952295488,13.391327039492733,42.958880372968565,12.226119663767616,33.95224973833109,10.35165562455764,19.609320606292783,10.38085762967086,1.1950786902104724,18.927182051243342,14.62818133945484,16.18948382424969,10.204035250502187,13.401087481941339,8.105308097561021,12.235030829703305,6.416088681779087,10.359200563059503,4.097982383931168,18.9348546383867,33.45876197350174,16.19776530611603,35.68832460315468,13.41658049516128,27.348902844164172,12.2504675040479,28.80669379432186,10.376829172986053,27.47753145741342
19.217363918118327,75.66648555337895,16.481659644676743,55.440612712010974,13.695294180986242,42.8547574754583,12.530086805261124,33.86114220300961,10.655622766051149,19.53122843316008,10.684525698229766,1.2116757873808908,19.231370743131528,14.679369806599738,16.493672516137877,10.247911079483544,13.705276173829525,8.156496564705918,12.539219521591484,6.467277148924012,10.663389254947688,4.119920298421846,19.238502150919647,33.973276426498614,16.501412818648976,36.20283905615156,13.720214689820875,27.884855399369258,12.55407506296078,29.38552255394336,10.680436731898926,28.056360217034808
19.521331059611835,75.57537801805748,16.78562678617025,55.34950517668949,13.99926132247975,42.73761921575927,12.834053946754633,33.783050029876904,10.959589907544657,19.42710553564983,10.988193766788665,1.2282728845513091,19.535559435019714,14.745183550071772,16.797861208026056,10.291786908464871,14.00946486571771,8.178434479196596,12.84340821347967,6.489215063414662,10.967577946835874,4.134545574748955,19.5421496634526,34.48779087949538,16.805060331181924,36.717353509148325,14.023888838100536,28.356493647949605,12.857682621873668,29.964351313564748,10.984044290811806,28.63518897665631
19.825298201105344,75.484270482736,17.089593927663767,55.24538227917924,14.303228463973259,42.64651168043778,13.138021088248141,33.69194249455545,11.263557049038166,19.322982638139578,11.291926144553113,1.23115881558887,19.839748126907892,14.796372017216697,17.102049899914242,10.335662737446228,14.313653557605889,8.236935584505062,13.147596905367855,6.525778254232478,11.271766638724053,4.178421403730312,19.845823811732263,34.95942912807584,17.10869452584151,37.25330606435341,14.327536350633483,28.871008100946483,13.16129018078654,30.54318007318625,11.2876784854714,29.171141531861394
20.12926534259886,75.39316294741451,17.393561069157276,55.18030546823532,14.607195605466774,42.529373420738736,13.44198822974165,33.613850321422746,11.567524190531682,19.24489046500689,11.595568489429805,1.2532403792124214,20.143936818796078,14.847560484361594,17.406238591802428,10.372225928264015,14.617842249494075,8.25887349899574,13.451785597256041,6.576966721377374,11.575955330612238,4.20767195638453,20.149497960011924,35.4310673766563,17.41230208475439,37.83213482397491,14.631197181039784,29.364084451735152,13.52056378675579,31.22062410296553,11.591325998004347,29.685655984858272
20.43323248409237,75.31507077428182,17.697528210650784,55.07618257072507,14.911162746960283,42.425250523228485,13.745955371235159,33.50972742391248,11.87149133202519,19.127752205307843,11.899275143512025,1.2616107767031295,20.448125510684264,14.90606158967006,17.710427283690606,10.416101757245372,14.92203094138226,8.317374604304206,13.75597428914422,6.591591997704484,11.880144022500424,4.214984594548099,20.453172108291586,35.90270562523676,17.715949597287338,38.34664927697179,14.934858011446092,29.857160802523822,13.81911321736779,31.78659000126197,11.894973510537294,30.200170437855036
20.737199625585877,75.22396323896035,18.001495352144293,54.998090397592364,15.215129888453792,42.334142987907,14.049922512728674,33.44465061296857,12.175458473518699,19.03664466998636,12.202981797594258,1.2699811741938447,20.75231420257245,14.964562694978525,18.014615975578792,10.452664948063159,15.226219633270446,8.339312518794856,14.060162981032406,6.6427804648493805,12.184332714388603,4.258860423529455,20.756846256571247,36.374343873817224,18.019597109820285,38.86116372996855,15.23850552397904,30.3716752555207,14.097430134776278,32.30110445425885,12.198607705196881,30.736122993060008
21.041166767079385,75.11984034145009,18.3054624936378,54.89396750008211,15.5190970299473,42.20398936601919,14.353889654222183,33.34052771545832,12.479425615012207,18.945537134664875,12.506624142470951,1.2920627378173961,21.05650289446063,15.015751162123422,18.318804667466978,10.503853415208084,15.530408325158625,8.39050098593978,14.364351672920591,6.664718379340059,12.488521406276789,4.295423614347243,21.060533722724262,36.82454402018948,18.323244622353233,39.37567818296543,15.542179672258701,30.84331350410116,17.7162692262479,37.83213482397491,12.502241899856475,31.272075548265093
21.345133908572894,75.00270208175104,18.60942963513131,54.81587532694941,15.823064171440809,42.09986646850892,14.657856795715691,33.24942018013684,12.783392756505716,18.841414237154623,12.81033079655317,1.3004331353081042,21.360691586348814,15.074252267431888,18.622993359355164,10.540416606025872,15.83459701704681,8.419751538594,14.66854036480877,6.7012815701578745,12.792710098164974,4.295423614347243,21.364207871003924,37.296182268769826,18.626918770632894,39.84731643154589,15.845840502665002,31.336389854889717,18.045247333905305,38.34664927697179,12.805902730262776,31.765151899053762
21.649101050066403,74.91159454642957,18.91339677662482,54.711752429439144,16.127031312934317,41.96971284662111,14.9618239372092,33.14529728262657,13.087359897999225,18.737291339644372,13.11398600327097,1.3197724657050856,21.664880278237,15.132753372740353,18.927182051243342,10.584292435007228,16.138785708934996,8.463627367575356,14.972729056696956,6.752470037302771,13.09689879005316,4.339299443328599,21.667895337156946,37.74638241514208,18.930592918912556,40.31895468012624,16.149541286691377,31.765151899053762,18.369175303985852,38.83543800731877,13.109563560669084,32.25822824984243
21.95306819155991,74.8204870111081,19.217363918118327,54.5946141697401,16.430998454427826,41.86558994911083,15.265791078702708,33.04117438511631,13.391327039492733,18.620153079945325,13.417692657353204,1.3281428631957866,21.96906897012518,15.18394183988525,19.231370743131528,10.620855625824987,16.442974400823175,8.507503196556712,15.276917748585142,6.767095313629881,13.401087481941339,4.375862634146387,21.971569485436607,38.21802066372254,19.234240431445503,40.83346913312312,16.45321543497104,32.236790147634224,18.728534144344582,39.37567818296543,13.413237708948753,32.72986649842278
22.25703533305342,74.70334875140905,19.521331059611835,54.50350663441864,16.734965595921334,41.748451689411795,15.569758220196217,32.95006684979484,13.695294180986242,18.50301482024628,13.721335002229889,1.3502244268193522,22.273257662013364,15.242442945193716,19.535559435019714,10.672044092969912,16.74716309271136,8.53675374921093,15.581106440473327,6.818283780774777,13.705276173829525,4.383175272309927,22.275256951589622,38.668220810094795,19.537887943978458,41.347983586119994,16.756889583250707,32.708428396214686,19.032194974750883,39.8687545337541,13.716911857228414,33.201504747003355
22.561002474546928,74.61224121608757,19.825298201105344,54.39938373690836,17.038932737414843,41.64432879190153,15.873725361689726,32.84594395228457,13.99926132247975,18.37286119835845,14.025028794471009,1.3613370575366233,22.57744635390155,15.293631412338613,19.839748126907892,10.7086072837877,17.051351784599547,8.587942216355856,15.885295132361506,6.8402216952654555,14.00946486571771,4.412425824964174,22.57897105348935,39.07554475205063,19.84156209225812,41.819621834700456,17.060577049403722,33.15862854258694,19.335869123030545,40.34039278233456,14.020586005508076,33.67314299558382
22.864969616040444,74.50811831857732,20.12926534259886,54.28224547720933,17.34289987890835,41.527190532202496,16.177692503183234,32.728805692585524,14.303228463973259,18.2687383008482,14.328684001188808,1.3806763879336046,22.881635045789736,15.359445155810647,20.143936818796078,10.752483112769056,17.355540476487732,8.617192769010074,16.18948382424969,6.876784886083271,14.313653557605889,4.448989015781962,22.882671837515733,39.50430679621468,20.14523624053778,42.29126008328092,17.364251197683384,33.63026679116729,19.63958322493028,40.7477167242904,14.32426015378773,34.144781244164164
23.168936757533952,74.41701078325583,20.43323248409237,54.21716866626542,17.646867020401867,41.41005227250345,16.481659644676743,32.650713519452836,14.607195605466774,18.151600041149152,14.632364931588821,1.3945312518774529,23.185823737677914,15.417946261119113,20.448125510684264,10.789046303586844,17.65972916837591,8.668381236154971,16.493672516137877,6.927973353228168,14.617842249494075,4.47092693027264,23.186359303668755,39.95450694258693,20.448923706690795,42.74146022965317,17.667925345963045,34.10190503974775,19.94329732683001,41.15504066624612,14.627934302067391,34.616419492744626
23.47290389902746,74.29987252355679,20.737199625585877,54.100030406566376,17.950834161895376,41.2929140128044,16.78562678617025,32.53357525975379,14.911162746960283,18.03446178145012,14.935994414624393,1.4193550487275743,23.4900124295661,15.461822090100469,20.75231420257245,10.84023477073174,17.963917860264097,8.69031915064565,16.797861208026056,6.935285991391709,14.92203094138226,4.485552206599749,23.490073405568484,40.36183088454277,20.752597854970457,43.21309847823352,17.97162612998942,34.530667083911794,20.24701142872974,41.562364608202074,14.931621768220413,35.06661963911688
23.77687104052097,74.20876498823532,21.041166767079385,53.98289214686733,18.254801303388884,41.17577575310537,17.089593927663767,32.42945236224354,15.215129888453792,17.904308159562277,15.23968820686552,1.4304676794448454,23.794201121454286,15.520323195408935,21.05650289446063,10.876797961549528,18.268106552152283,8.748820255954115,17.102049899914242,6.986474458536634,15.226219633270446,4.5221153974175365,23.79377418959486,40.790592928706815,21.05628532112347,43.66329862460577,18.275340231889157,34.93799102586763,20.550738848502828,41.948250447949704,15.235322552246789,35.49538168328081
24.080838182014478,74.10464209072505,21.345133908572894,53.90479997373464,18.558768444882393,41.05863749340632,17.393561069157276,32.338344826922054,15.5190970299473,17.800185262052025,15.543317689901098,1.455291476294974,24.098389813342465,15.5788243007174,21.360691586348814,10.920673790530884,18.57229524404046,8.770758170444793,17.406238591802428,7.0157250111908525,15.530408325158625,4.558678588235324,24.097474973621235,41.21935497287075,21.359959469403133,44.134936873186234,18.57902769804217,35.388191172239885,20.854466268275917,42.33413628769733,15.539036654146518,35.90270562523676
24.384805323507987,73.97448846883722,21.649101050066403,53.78766171403559,18.8627355863759,40.95451459589607,17.697528210650784,32.22120656722301,15.823064171440809,17.683047002352993,15.847011482142218,1.4664041070122522,24.40257850523065,15.630012767862326,21.664880278237,10.96454961951224,18.876483935928647,8.82194663758969,17.710427283690606,7.044975563845071,15.83459701704681,4.558678588235324,24.401202393394318,41.605240812618376,21.663633617682795,44.606575121766696,18.882728482068547,35.81695321640393,21.158167052302293,42.762898331861265,15.842724120299533,36.35290577160902
24.688772465001495,73.88338093351575,21.95306819155991,53.670523454336546,19.16670272786941,40.82436097400824,18.001495352144293,32.117083669712756,16.127031312934317,17.565908742653946,16.150640965177796,1.4912279038623737,24.706767197118836,15.688513873170763,21.96906897012518,11.001112810330028,19.180672627816833,8.858509828407506,18.014615975578792,7.096164030989996,16.138785708934996,4.60255441721668,24.704916495294054,42.01256475457433,21.96734771958253,45.01389906372253,19.186442583968276,36.22427715835977,21.461907789948736,43.1273460694008,16.146451540072622,36.738791611356646
24.992739606495004,73.75322731162792,22.25703533305342,53.59243128120386,19.47066986936292,40.7072227143092,18.3054624936378,32.012960772202504,16.430998454427826,17.435755120766117,16.454309033736703,1.507825001032785,25.010955889007022,15.732389702152119,22.273257662013364,11.052301277474925,19.48486131970501,8.895073019225293,18.318804667466978,7.110789307317106,16.442974400823175,4.639117608034468,25.008643915067136,42.39845059432196,22.271035185735546,45.46409921009479,19.490130050121298,36.67447730473202,21.765648527595186,43.49179380694022,16.450152324098998,37.16755365552058
25.296706747988512,73.64910441411767,22.561002474546928,53.46227765931603,19.774637010856427,40.57706909242137,18.60942963513131,31.895822512503457,16.734965595921334,17.331632223255852,16.757964240454495,1.5271643314297663,25.3151445808952,15.790890807460585,22.57744635390155,11.08886446829274,19.789050011593197,8.94626148637019,18.622993359355164,7.154665136298462,16.74716309271136,4.646430246198037,25.312371334840226,42.78433643406959,22.57473596976192,45.89286125425883,19.793804198400952,37.146115553312484,22.069375947368275,43.87767964668785,16.753866425998734,37.57487759747653
25.60067388948202,73.51895079222984,22.864969616040444,53.34513939961698,20.078604152349936,40.45993083272232,18.91339677662482,31.77868425280441,17.038932737414843,17.201478601368024,17.06159372349008,1.5519881282798949,25.619333272783386,15.84939191276905,22.881635045789736,11.132740297274069,20.093238703481383,8.968199400860868,18.927182051243342,7.191228327116249,17.051351784599547,4.668368160688715,25.616085436739954,43.191660376025425,22.878423435914943,46.343061400631086,20.09753161817405,37.53200139306011,22.373143320761432,44.19925117981086,17.057593845771823,37.96076343722416
25.904641030975537,73.42784325690836,23.168936757533952,53.228001139917936,20.38257129384345,40.32977721083451,19.217363918118327,31.661545993105378,17.34289987890835,17.058309617291428,17.365274653890094,1.5658429922237431,25.923521964671572,15.893267741750407,23.185823737677914,11.169303488091856,20.39742739536957,9.019387868005765,19.231370743131528,7.2131662416069275,17.355540476487732,4.704931351506502,25.91979953863969,43.59898431798115,23.18212421994132,46.77182344479513,20.401245720073785,37.93932533501584,22.676870740534522,44.58513701955849,17.3612946297982,38.38952548138809
26.208608172469045,73.29768963502055,23.47290389902746,53.123878242407685,20.68653843533696,40.212638951135474,19.521331059611835,31.557423095595098,17.646867020401867,16.9281559954036,17.668891275084558,1.5934090223004276,26.22771065655975,15.951768847058844,23.4900124295661,11.220491955236781,20.701616087257747,9.034013144332903,19.535559435019714,7.264354708751824,17.65972916837591,4.734181904160721,26.22354027628614,43.963432055520684,23.485825003967694,47.200585488959064,20.704986457720228,38.30377307255537,22.98063811392768,44.90670855268149,17.659918640500994,38.83543800731877
26.512575313962554,73.1805513753215,23.77687104052097,53.00673998270865,20.99050557683047,40.08248532924763,19.825298201105344,31.427269473707284,17.950834161895376,16.78498701132699,17.97253361996125,1.615490585923986,26.531899348447936,16.00295731420377,23.794201121454286,11.25705514605454,21.005804779145933,9.0852016114778,19.839748126907892,7.278979985078962,17.963917860264097,4.734181904160721,26.527281013932583,44.327879793060106,23.789539105867423,47.607909430915015,21.008700559619957,38.7110970145111,23.28436553370077,45.29259439242912,17.94336560272649,39.24704956971618
26.816542455456062,73.06341311562245,24.080838182014478,52.87658636082081,21.294472718323977,39.9653470695486,20.12926534259886,31.32314657619702,18.254801303388884,16.64181802725038,18.276201688520157,1.6320876830943973,26.836088040336122,16.061458419512235,24.098389813342465,11.300930975035897,21.30999347103412,9.121764802295587,20.143936818796078,7.32285581406029,18.268106552152283,4.778057733142077,26.831035069452387,44.67088942839132,24.093266525640512,47.993795270662645,21.3124412972664,39.07554475205063,23.588119589220565,45.63560402776045,21.5887871694181,42.762898331861265
27.12050959694957,72.9592902181122,24.384805323507987,52.77246346331056,21.598439859817486,39.84820880984955,20.43323248409237,31.192992954309204,18.558768444882393,16.511664405362566,18.57981830971462,1.659653713171089,27.140276732224308,16.11264688665716,24.40257850523065,11.337494165853684,21.614182162922297,9.143702716786265,20.448125510684264,7.366731643041646,18.57229524404046,4.814620923959865,27.13477580709883,45.03533716593074,24.39698062754024,48.40111921261848,21.616155399166136,39.48286869400647,23.891900280487082,45.93573745867525,21.882440949784172,43.05445652189292
27.42447673844308,72.84215195841315,24.688772465001495,52.66834056580031,21.902407001310994,39.718055187961724,20.737199625585877,31.08887005679894,18.8627355863759,16.381510783474738,18.883447792750207,1.6844775100212104,27.444465424112487,16.163835353802057,24.706767197118836,11.38868263299861,21.918370854810483,9.194891183931162,20.75231420257245,7.381356919368756,18.876483935928647,4.821933562123434,27.43850322687192,45.42122300567837,24.70070804731333,48.78700505236611,21.91989613681258,39.84731643154589,24.1956809717536,46.235870889590046,22.17101795682667,43.363165193690975
27.728443879936588,72.72501369871411,24.992739606495004,52.55120230610126,22.206374142804503,39.60091692826268,21.041166767079385,30.958716434911125,19.16670272786941,16.251357161586895,19.187102999468006,1.7038168404181917,27.748654116000672,16.222336459110522,25.010955889007022,11.425245823816397,22.22255954669867,9.2095164602583,21.05650289446063,7.425232748350112,19.180672627816833,4.843871476614112,27.742257282391723,45.7642326410097,25.004408831339706,49.21576709653016,22.223610238712308,40.25464037350173,24.499448345146757,46.55744242271305,22.47481196596654,43.64186052239768
28.032411021430097,72.5818447146375,25.296706747988512,52.42104868421343,22.51034128429801,39.45774794418608,21.345133908572894,30.854593537400845,19.47066986936292,16.12120353969908,19.490732482503585,1.7286406372683132,28.052842807888858,16.27352492625542,25.3151445808952,11.469121652797753,22.526748238586855,9.260704927403197,21.360691586348814,7.4544833010043305,19.48486131970501,4.880434667431899,28.045998020038166,46.12868037854901,25.308136251112796,49.60165293627779,22.52735097635875,40.61908811104115,24.8031890827932,46.92189016025259,22.77864592872648,43.856241544479644
28.336378162923605,72.46470645493845,25.60067388948202,52.31692578670318,22.81430842579152,39.32759432229825,21.649101050066403,30.72443991551303,19.774637010856427,15.978034555622472,19.794349103698057,1.7562066673450119,28.357031499777037,16.324713393400316,25.619333272783386,11.50568484361554,22.830936930475033,9.297268118220984,21.664880278237,7.483733853658578,19.789050011593197,4.909685220086118,28.349765393431323,46.450251911672126,25.611863670885885,49.98753877602542,22.8310917140052,40.98353584858057,25.106969774059724,47.222023591167385,23.082479891486425,44.07062256656161
28.640345304417114,72.33455283305064,25.904641030975537,52.19978752700413,23.11827556728503,39.21045606259921,21.95306819155991,30.607301655814,20.078604152349936,15.834865571545862,20.097978586733635,1.7810304641951404,28.661220191665223,16.38321449870878,25.923521964671572,11.556873310760437,23.13512562236322,9.319206032711662,21.96906897012518,7.534922320803474,20.093238703481383,4.909685220086118,28.65353276682448,46.77182344479513,25.915631044279042,50.30911030914842,23.134845769524997,41.3265454839119,25.410763783199595,47.500718919873975,23.38630053637301,44.3064416908519
28.94431244591063,72.20439921116281,26.208608172469045,52.056618542927524,23.422242708778544,39.08030244071139,22.25703533305342,30.477148033926156,20.38257129384345,15.704711949658034,20.40160806976922,1.805854261045262,28.96540888355341,16.43440296585368,26.22771065655975,11.593436501578225,23.439314314251405,9.370394499856559,22.273257662013364,7.542234958967043,20.39742739536957,4.953561049067474,28.957286822344283,47.114833080126346,26.21935846405213,50.69499614889605,23.43855987142474,41.733869425867624,25.714557792339466,47.779414248580565,23.69013449913295,44.520822712933864
29.248279587404138,72.07424558927498,26.512575313962554,51.93948028322848,23.726209850272053,38.950148818823564,22.561002474546928,30.33397904984956,20.68653843533696,15.548527603392643,20.7052375528048,1.8306780578953834,29.269597575441594,16.485591432998604,26.531899348447936,11.637312330559581,23.743503006139584,9.385019776183697,22.57744635390155,7.5861107879483995,20.701616087257747,4.990124239885262,29.26104087786408,47.45784271545756,26.52308588382522,51.08088198864368,23.742313926944536,42.07687906119884,26.018351801479337,48.05810957728727,23.9939684618929,44.73520373501594
29.552246728897646,71.94409196738717,26.816542455456062,51.80932666134066,24.03017699176556,38.819995196935736,22.864969616040444,30.203825427961732,20.99050557683047,15.392343257127251,21.008841312158165,1.860986321198638,29.573786267329773,16.54409253830707,26.836088040336122,11.673875521377369,24.04769169802777,9.436208243328593,22.881635045789736,7.6299866169297275,21.005804779145933,4.9974368780488305,29.56480825125725,47.779414248580565,26.826839939345025,51.423891623974896,24.04606798246434,42.419888696530165,26.322132492745848,48.35824300820195,24.297815742526193,44.928146654889815
29.856213870391155,71.81393834549934,27.12050959694957,51.679173039452834,24.33414413325907,38.676826212859126,23.168936757533952,30.073671806073904,21.294472718323977,15.23615891086186,21.312470795193743,1.8858101180487594,29.87797495921796,16.595281005451994,27.140276732224308,11.725063988522294,24.351880389915955,9.472771434146381,23.185823737677914,7.644611893256865,21.30999347103412,5.01206215437594,29.868562306777047,48.12242388391178,27.130580676991467,51.78833936151432,24.34979540223743,42.805774536277795,26.62593981975908,48.61550023470045,24.601663023159492,45.12108957476357
30.160181011884664,71.69680008580029,27.42447673844308,51.549019417565006,24.63811127475258,38.5466725909713,23.47290389902746,29.94351818418609,21.598439859817486,15.079974564596483,21.616087416388215,1.913376148125458,30.182163651106144,16.65378211076043,27.444465424112487,11.761627179340053,24.65606908180414,9.494709348637059,23.4900124295661,7.6884877222382215,21.614182162922297,5.041312707030158,30.172329680170204,48.4439954170349,27.43432141463791,52.15278709905374,24.653562775630586,43.1273460694008,26.92973382889895,48.89419556340704,24.905523621666152,45.29259439242912
30.464148153378172,71.55363110172368,27.728443879936588,51.41886579567719,24.942078416246087,38.42953433127225,23.77687104052097,29.826379924487043,21.902407001310994,14.923790218331092,21.919716899423793,1.9381999449755796,30.486352342994323,16.697657939741788,27.748654116000672,11.80550300832141,24.96025777369232,9.545897815781956,23.794201121454286,7.71773827489244,21.918370854810483,5.085188536011515,30.47611037143672,48.74412884794958,27.738088788031067,52.474358632176745,24.95731683115039,43.470355704732015,27.23352783803882,49.17289089211374,25.209397538046158,45.44266110788658
30.76811529487168,71.43649284202465,28.032411021430097,51.301727535978145,25.246045557739595,38.286365347195655,24.080838182014478,29.696226302599214,22.206374142804503,14.767605872065701,22.223320658777165,1.968508208278834,30.79054103488251,16.756159045050254,28.052842807888858,11.842066199139197,25.264446465580505,9.560523092109065,24.098389813342465,7.739676189383118,22.22255954669867,5.085188536011515,30.77989106270324,49.044262278864494,28.04184284355087,52.81736826750807,25.261057568796833,43.834803442271436,27.537348482925406,49.408710016403916,25.513244818679457,45.63560402776045
31.07208243636519,71.30633922013682,28.336378162923605,51.15855855190152,25.550012699233104,38.16922708749661,24.384805323507987,29.55305731852262,22.51034128429801,14.61142152580031,22.52693727997163,1.9960742383555328,31.094729726770694,16.81466015035872,28.357031499777037,11.893254666284093,25.56863515746869,9.61171155925399,24.40257850523065,7.790864656528015,22.526748238586855,5.114439088665733,31.08367175396975,49.34439570977929,28.345610216944028,53.13893980063108,25.564838260063343,44.134936873186234,27.84116912781199,49.64452914069409,25.81711873505947,45.78567074321779
31.376049577858698,71.16317023606021,28.640345304417114,51.02840493001371,25.853979840726613,38.03907346560878,24.688772465001495,29.422903696634776,22.81430842579152,14.455237179534919,22.830541039324995,2.0263825016587873,31.398918418658873,16.858535979340076,28.661220191665223,11.92981785710191,25.87282384935687,9.648274750071778,24.706767197118836,7.805489932855124,22.830936930475033,5.14368964131998,31.387452445236267,49.64452914069409,28.649377590337185,53.460511333754084,25.868578997709793,44.499384610725656,28.144976454825215,49.901786367192585,26.121019287186197,45.89286125425883
31.680016719352206,71.0200012519836,28.94431244591063,50.911266670314674,26.15794698222012,37.895904481532185,24.992739606495004,29.292750074746948,23.11827556728503,14.312068195458323,23.134131936837253,2.059432998188619,31.70310711054706,16.917037084648513,28.96540888355341,11.973693686083266,26.177012541245055,9.670212664562456,25.010955889007022,7.84205312367294,23.13512562236322,5.172940193974227,31.691233136502778,49.944662571609,28.95313164585699,53.80352096908541,26.17233305322959,44.84239424605698,28.448810417585168,50.11616738927455,26.42489320356621,46.042927969716175
31.983983860845722,70.876832267907,29.248279587404138,50.781113048426846,26.461914123713637,37.73972013526679,25.296706747988512,29.149581090670353,23.422242708778544,14.155883849192918,23.437748558031725,2.0869990282653177,32.007295802435245,16.968225551793438,29.269597575441594,12.017569515064594,26.48120123313324,9.714088493543784,25.3151445808952,7.885928952654268,23.439314314251405,5.172940193974227,31.99500050989594,50.26623410473201,29.256899019250145,54.12509250220842,26.476100426622747,45.16396577917999,28.752617744598393,50.37342461577305,26.72879375569293,46.15011848075733
32.28795100233923,70.74667864601916,29.552246728897646,50.650959426539,26.765881265207145,37.609566513378965,25.60067388948202,29.019427468782524,23.726209850272053,13.999699502927541,23.74135231738509,2.1173072915685722,32.31148449432343,17.026726657101904,29.573786267329773,12.05413270588241,26.785389925021427,9.736026408034462,25.619333272783386,7.893241590817837,23.743503006139584,5.216816022955555,32.29879451903581,50.5449294334386,29.56067971051667,54.425225933123215,26.77988111788927,45.46409921009479,29.056438389484978,50.60924374006322,27.032627718452876,46.36449950283918
32.59191814383274,70.59049429975379,29.856213870391155,50.50779044246241,27.069848406700654,37.47941289149115,25.904641030975537,28.876258484705914,24.03017699176556,13.856530518850946,24.044943214897348,2.150357788098404,32.61567318621161,17.07791512424683,29.87797495921796,12.105321173027306,27.089578616909606,9.772589598852278,25.923521964671572,7.944430057962734,24.04769169802777,5.246066575609774,32.60260184604904,50.80218665993698,29.86446040178318,54.72535936403801,27.08366180915579,45.7642326410097,29.360298987991637,50.780748557728884,27.235219207955122,46.450251911672126
32.895885285326244,70.46034067786596,30.160181011884664,50.36462145838581,27.373815548194163,37.34925926960331,26.208608172469045,28.73308950062932,24.33414413325907,13.674315448207977,24.348546974250706,2.1806660514016656,32.919861878099795,17.129103591391726,30.182163651106144,12.141884363845094,27.39376730879779,9.823778065997175,26.22771065655975,7.980993248780521,24.351880389915955,5.260691851936912,32.90640917306227,51.059443886435474,30.168227775176344,55.04693089716102,27.387429182548946,46.085804174132704,29.664132950751576,50.99512957981085,29.160171305060377,46.728947240378716
33.19985242681976,70.30415633160057,30.464148153378172,50.22145247430919,27.67778268968767,37.20609028552671,26.512575313962554,28.576905154363928,24.63811127475258,13.505115739753819,24.652137871762964,2.2137165479314973,33.22405056998798,17.18760469670019,30.486352342994323,12.18576019282645,27.697956000685977,9.838403342324284,26.531899348447936,7.98830588694409,24.65606908180414,5.260691851936912,33.21020318220215,51.338139215142064,30.472021784316215,55.32562622586761,27.691196555942103,46.40737570725571,29.967966913511514,51.20951060189293,29.464071857187104,46.836137751419756
33.50381956831326,70.16098734752396,30.76811529487168,50.07828349023258,27.98174983118118,37.04990593926132,26.816542455456062,28.4467515324761,24.942078416246087,13.322900669110851,24.95572876927523,2.246767044461329,33.52823926187616,17.238793163845088,30.79054103488251,12.22232338364421,28.002144692574156,9.88959180946918,26.836088040336122,8.039494354088987,24.96025777369232,5.304567680918268,33.513997191342014,51.61683454384877,30.775802475582726,55.62575965678241,27.994977247208613,46.70750913817051,30.271814194144813,51.40245352176669,29.768038998680613,46.836137751419756
33.80778670980678,70.03083372563614,31.07208243636519,49.93511450615598,28.285716972674688,36.919752317373494,27.12050959694957,28.29056718621071,25.246045557739595,13.153700960656693,25.259319666787487,2.2798175409911536,33.832427953764345,17.289981630989985,31.094729726770694,12.273511850789134,28.30633338446234,9.911529723959859,27.140276732224308,8.068744906743234,25.264446465580505,5.333818233572487,33.817804518355246,51.87409177034715,31.079583166849243,55.92589308769732,28.298731302728417,47.05051877350172,30.575661474778112,51.59539644164056,30.07200614017412,46.836137751419756
34.11175385130028,69.88766474155952,31.376049577858698,49.804960884268155,28.589684114168197,36.789598695485665,27.42447673844308,28.134382839945317,25.550012699233104,12.971485890013724,25.562923426140845,2.3101258042944224,34.13661664565253,17.34848273629845,31.398918418658873,12.310075041606922,28.610522076350527,9.948092914777675,27.444465424112487,8.083370183070343,25.56863515746869,5.348443509899596,34.12161184536848,52.131348996845645,31.383377175989114,56.20458841640391,28.602525311868288,47.32921410220831,30.87950875541141,51.78833936151432,30.37597328166763,46.836137751419756
34.415720992793794,69.74449575748292,31.680016719352206,49.648776538002764,28.893651255661705,36.646429711409056,27.728443879936588,27.991213855868708,25.853979840726613,12.802286181559566,25.866501461811996,2.345918534050817,34.440805337540716,17.399671203443347,31.70310711054706,12.353950870588278,28.914710768238713,9.999281381922572,27.748654116000672,8.13455865021524,25.87282384935687,5.348443509899596,34.425419172381694,52.38860622334403,31.68718450300234,56.46184564290229,28.906292685261445,47.65078563533132,31.183369353918064,51.95984417917987,30.679940423161145,46.836137751419756
34.719688134287296,69.60132677340631,31.983983860845722,49.518622916114936,29.197618397155214,36.490245365143664,28.032411021430097,27.848044871792098,26.15794698222012,12.63308647310538,26.170079497483147,2.381711263807219,34.744994029428895,17.450859670588272,32.007295802435245,12.390514061406066,29.21889946012689,10.013906658249681,28.052842807888858,8.156496564705918,26.177012541245055,5.392319338880952,34.72923981726828,52.6244253476342,31.99097851214221,56.74054097160899,29.210073376527962,47.95091906624623,31.487243270298077,52.10991089463732,30.983907564654654,46.836137751419756
35.02365527578081,69.44514242714092,32.28795100233923,49.38846929422712,29.50158553864873,36.360091743255836,28.336378162923605,27.704875887715488,26.461914123713637,12.45087140246244,26.4736703949954,2.4147617603370435,35.04918272131708,17.509360775896738,32.31148449432343,12.441702528550962,29.523088152015077,10.065095125394578,28.357031499777037,8.178434479196596,26.48120123313324,5.421569891535171,35.033060462154864,52.860244471924375,32.29478583915544,56.997798198107375,29.539144709298863,48.31536680378565,31.791103868804743,52.28141571230299,31.287874706148163,46.836137751419756
35.32762241727433,69.28895808087553,32.59191814383274,49.23228494796173,29.805552680142238,36.21692275917924,28.640345304417114,27.561706903638893,26.765881265207145,12.294687056197034,26.77724843066655,2.4505544900934524,35.35337141320527,17.560549243041663,32.61567318621161,12.47826571936875,29.827276843903263,10.087033039885256,28.661220191665223,8.222310308177953,26.785389925021427,5.436195167862309,35.33688110704145,53.09606359621466,32.598579848295316,57.27649352681408,29.84293871843874,48.594062132492354,32.0949644673114,52.45292052996865,31.59184184764167,46.836137751419756
35.63158955876783,69.13277373461014,32.895885285326244,49.08911596388511,30.109519821635747,36.07375377510263,28.94431244591063,27.4055225573735,27.069848406700654,12.099456623365313,27.0808264663377,2.486347219849847,35.657560105093445,17.6190503483501,32.919861878099795,12.522141548350106,30.131465535791442,10.123596230703072,28.96540888355341,8.24424822266863,27.089578616909606,5.443507806025849,35.640701751928034,53.33188272050484,32.90238717530855,57.53375075331246,30.197353964207462,48.937071767823454,32.398851701564766,52.5815491432179,31.89580898913518,46.836137751419756
35.935556700261344,68.97658938834475,33.19985242681976,48.94594697980851,30.413486963129255,35.917569428837254,29.248279587404138,27.262353573296878,27.373815548194163,11.930256914911126,27.384404502008845,2.5221399496062418,35.96174879698164,17.662926177331457,33.22405056998798,12.558704739167894,30.435654227679628,10.174784697847969,29.269597575441594,8.27349877532285,27.39376730879779,5.480070996843665,35.94452239681462,53.56770184479501,33.20619450232178,57.791007979810956,30.551769209976182,49.28008140315467,32.702712300071425,52.75305396088345,32.19984271999547,46.728947240378716
36.239523841754846,68.83342040426814,33.50381956831326,48.8027779957319,30.717454104622764,35.78741580694941,29.552246728897646,27.106169227031486,27.67778268968767,11.76105720645694,27.687969675838882,2.5606749125892136,36.26593748886981,17.721427282639922,33.52823926187616,12.609893206312819,30.739842919567813,10.189409974175078,29.573786267329773,8.317374604304206,27.697956000685977,5.5093215494978836,36.24832972382785,53.824959071293506,33.51002846508172,58.00538900189281,34.02062241170455,51.59539644164056,33.00659953432479,52.8816825741327,32.503876450855756,46.621756729337676
36.54349098324836,68.67723605800275,33.80778670980678,48.646593649466524,31.021421246116272,35.63123146068402,29.856213870391155,26.936969518577328,27.98174983118118,11.565826773625218,27.991534849668927,2.5992098755721855,36.570126180757995,17.779928387948388,33.832427953764345,12.646456397130606,31.044031611455992,10.240598441319975,29.87797495921796,8.331999880631315,28.002144692574156,5.523946825824993,36.55219032233451,53.99646388895917,33.81383579209495,58.262646228391304,34.40042152409116,51.85265366813894,33.31048676857816,53.01031118738183,32.80787022809598,46.57888052492126
36.84745812474188,68.52105171173737,34.11175385130028,48.49040930320113,31.32538838760978,35.47504711441864,30.160181011884664,26.780785172311937,28.285716972674688,11.38361170298225,28.295125747181178,2.6322603721020172,36.87431487264618,17.823804216929744,34.13661664565253,12.690332226111963,31.348220303344178,10.262536355810653,30.182163651106144,8.361250433285534,28.30633338446234,5.523946825824993,36.856010967221096,54.232283013249344,34.117656436981534,58.49846535268159,34.754890041353306,52.10991089463732,33.61438732070488,53.11750169842287,33.11189064108292,46.49312811608843
37.15142526623538,68.36486736547198,34.415720992793794,48.33422495693574,31.62935552910329,35.331878130342034,30.464148153378172,26.611585463857764,28.589684114168197,11.20139663233931,28.598690921011222,2.670795335084982,37.17850356453437,17.88230532223821,34.440805337540716,12.726895416929722,31.652408995232364,10.29909954662844,30.486352342994323,8.40512626226689,28.610522076350527,5.560510016642809,37.15985824785439,54.425225933123215,34.42147708186812,58.734284476971766,35.13468915373991,52.36716812113582,33.918301190704966,53.2032541072557,33.41596432556328,46.32162329842288
37.455392407728894,68.20868301920659,34.719688134287296,48.17804061067035,31.933322670596798,35.18870914626541,30.76811529487168,26.455401117592373,28.893651255661705,10.99315083731878,28.902256094841267,2.709330298067947,37.48269225642255,17.926181151219538,34.744994029428895,12.778083884074647,31.95659768712055,10.350288013773365,30.79054103488251,8.419751538594,28.914710768238713,5.589760569297027,37.463692210614326,54.63960695520518,34.725284408881336,58.99154170347015,35.438496480753145,52.6244253476342,34.22222837857841,53.267568413880326,33.719931467056796,46.32162329842288
37.759359549222395,68.0524986729412,35.02365527578081,48.02185626440496,32.23728981209031,35.045540162188814,31.07208243636519,26.299216771326982,29.197618397155214,10.784905042298249,29.20580840683019,2.7506074942774887,37.78688094831074,17.991994894691572,35.04918272131708,12.814647074892434,32.26078637900873,10.364913290100475,31.094729726770694,8.449002091248246,29.21889946012689,5.6116984837877055,37.76752617337428,54.85398797728715,35.02913168951464,59.18448462334402,35.74234376138644,52.81736826750807,34.52614224857848,53.35332082271316,34.0239918336638,46.17155658296542
38.06332669071591,67.90932968886459,35.32762241727433,47.86567191813957,32.541256953583826,34.88935581592342,31.376049577858698,26.13001706287281,29.50158553864873,10.602689971655309,29.509360718819128,2.7918846904870307,38.091069640198924,18.03587072367293,35.35337141320527,12.85852290387379,32.564975070896914,10.416101757245372,31.398918418658873,8.485565282066034,29.523088152015077,5.6116984837877055,38.071373454007585,55.04693089716102,35.33296565227458,59.3988656454261,36.046177724146375,53.03174928959004,34.83005611857857,53.439073231545876,34.20137258890179,46.06436607192438
38.36729383220941,67.74012998041042,35.63158955876783,47.70948757187418,32.84522409507733,34.759202194035595,31.680016719352206,25.97383271660742,29.805552680142238,10.42047490101237,29.812925892649172,2.8304196534700026,38.395258332087096,18.087059190817826,35.657560105093445,12.895086094691578,32.8691637627851,10.43803967173605,31.70310711054706,8.507503196556712,29.827276843903263,5.640949036441924,38.37520741676752,55.2613119192431,35.63679961503452,59.61324666750795,36.35001168690631,53.246130311672005,35.13393003495858,53.58913994700333,,
38.67126097370293,67.58394563414502,35.935556700261344,47.553303225608786,33.14919123657084,34.57698712339264,31.983983860845722,25.80463300815326,30.109519821635747,10.22524446818062,30.11649106647921,2.8689546164529602,38.69944702397528,18.14556029612629,35.96174879698164,12.946274561836475,33.17335245467328,10.474602862553837,32.007295802435245,8.52944111104739,30.131465535791442,5.662886950932602,38.679081333147536,55.411378634700554,35.940646895667825,59.80618958738182,36.653845649666266,53.460511333754084,35.38719603258309,53.653454253627956,,
38.97522811519643,67.42776128787963,36.239523841754846,47.384103517154614,33.453158378064344,34.42080277712725,32.28795100233923,25.64844866188787,30.413486963129255,10.016998673160089,30.420056240309247,2.907489579435932,39.00363571586347,18.189436125107648,36.26593748886981,12.982837752654262,33.477541146561464,10.525791329698734,32.31148449432343,8.573316940028747,30.435654227679628,5.69945014175039,38.98292861378083,55.60432155457431,36.24449417630112,59.99913250725558,36.95771956604628,53.61057804921154,38.02157792552684,53.653454253627956,,
39.279195256689945,67.2455462172367,36.54349098324836,47.240934533078004,33.75712551955786,34.26461843086187,32.59191814383274,25.479248953433682,30.717454104622764,9.821768240328367,30.723595690457078,2.951509008872037,39.30782440775165,18.247937230416113,36.570126180757995,13.026713581635619,33.78172983844965,10.540416606025872,32.61567318621161,8.595254854519396,30.739842919567813,5.69945014175039,39.286775894414134,55.797264474448184,36.54832813906107,60.21351352933766,37.261580164552925,53.78208286687709,38.32554506702036,53.653454253627956,,
39.58316239818346,67.0763465087825,36.84745812474188,47.08475018681261,34.06109266105136,34.12144944678526,32.895885285326244,25.323064607168305,31.021421246116272,9.6395531696854,31.0271351406049,2.995528438308156,39.61201309963984,18.30643833572458,36.87431487264618,13.070589410616975,34.085918530337835,10.591605073170768,32.919861878099795,8.602567492682965,31.044031611455992,5.721388056241068,39.59063649292078,55.968769292113734,36.852162101820994,60.42789455141974,37.565440763059584,53.95358768454264,38.62951220851387,53.653454253627956,,
39.88712953967696,66.90714680032833,37.15142526623538,46.91555047835844,34.36505980254488,33.96526510051987,33.19985242681976,25.15386489871412,31.32538838760978,9.444322736853678,31.33070031443494,3.034063401291114,39.916201791528025,18.357626802869476,37.17850356453437,13.107152601434763,34.390107222226014,10.613542987661447,33.22405056998798,8.639130683500753,31.348220303344178,5.743325970731746,39.89449709142744,56.140274109779284,37.156075971821096,60.51364696025246,37.86932799731295,54.08221629779189,38.933479350007374,53.653454253627956,,
40.19109668117048,66.73794709187418,37.455392407728894,46.75936613209305,34.66902694403838,33.80908075425448,33.50381956831326,24.98466519025996,31.62935552910329,9.249092304021929,31.634252626423876,3.075340597500656,40.22039048341621,18.408815270014372,37.48269225642255,13.151028430416119,34.6942959141142,10.628168263988556,33.52823926187616,8.683006512482109,31.652408995232364,5.7872017997131024,40.19834437206073,56.333217029653156,37.459923252454374,60.70658988012633,38.173201913692964,54.232283013249344,39.23751308086767,53.546263742586916,,
40.49506382266398,66.55573202123121,37.759359549222395,46.60318178582766,34.972994085531894,33.65289640798909,33.80778670980678,24.815465481805788,31.933322670596798,9.040846509001398,31.937779214730593,3.122102260163331,40.52457917530438,18.460003737159298,37.78688094831074,13.172966344906797,34.998484606002386,10.672044092969912,33.832427953764345,8.683006512482109,31.95659768712055,5.7872017997131024,40.50223160631411,56.46184564290229,37.763757215214326,60.920970902208296,38.47707583007298,54.3823497287068,39.54149354023453,53.52482564037871,,
40.799030964157495,66.38653231277705,38.06332669071591,46.44699743956227,35.276961227025396,33.4967120617237,34.11175385130028,24.633250411162834,32.23728981209031,8.832600713980895,32.24133152671952,3.1633794563728657,40.82876786719257,18.518504842467763,38.091069640198924,13.224154812051694,35.302673297890564,10.701294645624131,34.13661664565253,8.719569703299896,32.26078637900873,5.7872017997131024,40.80610552269411,56.611912358359746,38.067617813720986,61.09247571987396,38.78096306432636,54.51097834195605,39.84554058896818,53.39619702712946,,
41.102998105651,66.20431724213408,38.36729383220941,46.290813093296876,35.58092836851891,33.34052771545832,34.415720992793794,24.477066064897443,32.541256953583826,8.637370281149146,32.544870976867344,3.2073988858089777,41.13295655908075,18.56969330961266,38.395258332087096,13.253405364705912,35.60686198977875,10.723232560114809,34.440805337540716,8.763445532281253,32.564975070896914,5.82376499053089,41.10996612120077,56.783417176025296,38.371478412227646,61.263980537539624,39.08485029857971,54.63960695520518,40.14956100195511,53.31044461829663,,
41.40696524714451,66.04813289586869,38.67126097370293,46.108598022653936,35.88489551001243,33.18434336919293,34.719688134287296,24.281835632065707,32.84522409507733,8.429124486128643,32.84839756517407,3.25416054847166,41.43714525096894,18.613569138594016,38.69944702397528,13.297281193687269,35.911050681666936,10.767108389096165,34.744994029428895,8.770758170444793,32.8691637627851,5.8530155431851085,41.41385335545415,56.91204578927454,38.675339010734305,61.435485355205174,39.38873753283309,54.76823556845443,40.45358141494205,53.22469220946391,,
41.710932388638014,65.86591782522574,38.97522811519643,45.93939831419975,36.18886265150593,33.015143660738744,35.02365527578081,24.09962056142274,33.14919123657084,8.233894053296893,33.15193701532189,3.2981799779077576,41.741333942857125,18.672070243902482,39.00363571586347,13.333844384505056,36.21523937355512,10.789046303586844,35.04918272131708,8.80000872309904,33.17335245467328,5.874953457675787,41.71772727183415,57.062112504732,38.979239562861025,61.54267586624621,39.692651402833164,54.85398797728715,40.757641781549054,53.074625494006455,,
42.01489953013153,65.69671811677156,39.279195256689945,45.77019860574558,36.492829792999444,32.84594395228457,35.32762241727433,23.943436215157348,33.453158378064344,8.012632896087581,33.455476465469715,3.3421994073438697,42.04552263474531,18.71594607288381,39.30782440775165,13.377720213486413,36.51942806544331,10.818296856241062,35.35337141320527,8.843884552080368,33.477541146561464,5.874953457675787,42.02161450608753,57.19074111798125,39.28311347924104,61.69274258170367,39.99652531921318,55.0040546927446,41.06167551240935,52.96743498296553,,
42.318866671625045,65.51450304612861,39.58316239818346,45.60099889729142,36.79679693449296,32.68975960601918,35.63158955876783,23.748205782325613,33.75712551955786,7.8043871010670784,33.758990191935325,3.3917033032331148,42.349711326633496,18.774447178192304,39.61201309963984,13.421596042467769,36.82361675733148,10.869485323385987,35.657560105093445,8.858509828407506,33.78172983844965,5.918829286657143,42.325475104594176,57.3622459356468,39.587000713494405,61.8213711949528,40.30045250708663,55.06836899936923,41.289704140022906,52.8816825741327,,
42.62283381311855,65.33228797548566,39.88712953967696,45.43179918883723,37.10076407598646,32.53357525975379,35.935556700261344,23.56599071168266,34.06109266105136,7.583125943857766,34.06254250392425,3.4329804994426567,42.65390001852167,18.8256356453372,39.916201791528025,13.458159233285556,37.127805449219665,10.876797961549528,35.96174879698164,8.880447742898184,34.085918530337835,5.918829286657143,42.62936233884756,57.490874548896045,39.890861312001064,61.99287601261835,40.604339741339984,55.196997612618475,,,,
42.92680095461206,65.1500729048427,40.19109668117048,45.26259948038306,37.40473121747998,32.3773909134884,36.239523841754846,23.38377564103972,,,34.36604336854876,3.485226628558472,42.958088710409854,18.86951147431853,40.22039048341621,13.502035062266913,37.43199414110785,10.913361152367344,36.26593748886981,8.917010933715972,,,42.93324957310091,57.61950316214518,40.19474854625442,62.1215046258676,40.908226975593365,55.32562622586761,,,,
43.230768096105564,64.94182710982219,40.49506382266398,45.0933997719289,37.70869835897348,32.195175842845444,36.54349098324836,23.214575932585532,,,34.66958281869658,3.529246057994577,43.26227740229804,18.928012579627023,40.52457917530438,13.538598253084672,37.736182832996036,10.96454961951224,36.570126180757995,8.94626148637019,,,43.23713680735429,57.74813177539443,40.4986357805078,62.25013323911685,41.21218079921351,55.34706432807593,,,,
43.53473523759908,64.77262740136801,40.799030964157495,44.91118470128593,38.012665500466994,32.03899149658007,36.84745812474188,23.032360861942593,,,34.97310940700329,3.576007720657252,43.566466094186225,18.97188840860835,40.82876786719257,13.582474082066028,38.04037152488422,10.971862257675781,36.87431487264618,8.953574124533759,,,43.54103735948101,57.85532228643547,40.802562968381224,62.31444754574147,41.51608135134023,55.45425483911686,,,,
43.83870237909258,64.60342769291384,41.102998105651,44.72896963064298,38.316632641960496,31.86979178812588,37.15142526623538,22.850145791299624,,,35.2766231334689,3.625511616546497,43.87065478607441,19.023076875753247,41.13295655908075,13.611724634720275,38.34456021677241,11.015738086657137,37.17850356453437,8.990137315351546,,,43.84491127586102,58.00538900189281,41.106450202634605,62.44307615899061,41.81998190346695,55.56144535015778,,,,
44.1426695205861,64.42121262227089,41.40696524714451,44.559769922188806,38.62059978345401,31.700592079671722,37.455392407728894,22.65491535846789,,,35.58013685993451,3.675015512435749,44.1748434779626,19.066952704734604,41.43714525096894,13.655600463701631,38.64874890866059,11.052301277474925,37.48269225642255,9.026700506169334,,,44.14881182798774,58.11257951293396,41.41036407263469,62.52882856782344,42.123935727087115,55.582883452366104,,,,
44.4466366620796,64.23899755162793,41.710932388638014,44.36453948935707,38.92456692494751,31.54440773340633,37.759359549222395,22.472700287824935,,,35.88365058640012,3.724519408324994,44.47903216985078,19.11814117187953,41.741333942857125,13.68485101635585,38.952937600548765,11.059613915638494,37.78688094831074,9.034013144332903,,,44.45275233373455,58.155455717350264,41.714277942634766,62.614580976656384,42.42790286858062,55.582883452366104,,,,
44.750603803573114,64.0437671187962,42.01489953013153,44.19533978090291,39.22853406644103,31.37520802495216,38.06332669071591,22.29048521718198,,,36.18716431286573,3.7740233042142393,44.783220861738954,19.162017000860885,42.04552263474531,13.728726845337206,39.25712629243695,11.103489744619822,38.091069640198924,9.055951058823581,,,44.75663956798792,58.28408433059951,42.01816517688815,62.74320958990552,42.73180342070735,55.69007396340703,,,,
45.054570945066615,63.86155204815324,42.318866671625045,44.026140072448726,39.53250120793453,31.20600831649797,38.36729383220941,22.095254784350246,,,36.49067803933134,3.8235272001034843,45.08740955362714,19.213205468005782,42.349711326633496,13.772602674318534,39.561314984325136,11.140052935437637,38.395258332087096,9.092514249641368,,,45.06055343798799,58.369836739432344,42.32210568263493,62.786085794321934,43.0357572443275,55.71151206561524,,,,
45.35853808656013,63.66632161532149,42.62283381311855,43.843925001805786,39.836468349428046,31.036808608043813,38.67126097370293,21.913039713707278,,,36.79419176579694,3.8730310959927294,45.391598245515326,19.26439393515068,42.65390001852167,13.801853226972781,39.86550367621332,11.147365573601178,38.69944702397528,9.121764802295587,,,45.3644939437348,58.41271294384876,42.62599291688831,62.91471440757118,43.339644478580865,55.840140678864486,,,,
45.66250522805365,63.45807582030098,42.92680095461206,43.64869456897405,40.14043549092156,30.880624261778422,38.97522811519643,21.717809280875542,,,37.09770549226256,3.9225349918819745,45.69578693740351,19.308269764132035,42.958088710409854,13.84572905595411,40.16969236810151,11.191241402582534,39.00363571586347,9.121764802295587,,,45.66838117798817,58.541341557097894,42.929920104761734,62.97902871419569,43.64361162007438,55.840140678864486,,,,
45.96647236954715,63.26284538746924,43.230768096105564,43.46647949833108,40.44440263241506,30.71142455332425,39.279195256689945,21.50956348585504,,,37.401193495045945,3.977523354224367,45.9999756292917,19.3667708694405,43.26227740229804,13.860354332281247,40.473881059989694,11.227804593400322,39.30782440775165,9.165640631276943,,,45.97232168373496,58.58421776151431,43.23384729263519,63.043343020820316,43.94757876156788,55.840140678864486,,,,
46.270439511040664,63.08063031682629,43.53473523759908,43.27124906549933,40.74836977390858,30.529209482681296,39.58316239818346,21.314333053023304,,,37.70469435967044,4.029769483340175,46.30416432117988,19.410646698421857,43.566466094186225,13.889604884935466,40.77806975187788,11.23511723156389,39.61201309963984,9.20220382209473,,,46.276235553735035,58.66997017034714,43.53781443412869,63.043343020820316,44.2515459030614,55.840140678864486,,,,
46.574406652534165,62.89841524618333,43.83870237909258,43.0760186326676,41.05233691540208,30.373025136415905,39.88712953967696,21.132117982380336,,,38.00819522429495,4.082015612455983,46.60835301306807,19.461835165566754,43.87065478607441,13.948105990243931,41.08225844376605,11.278993060545218,39.916201791528025,9.2095164602583,,,46.5801893773552,58.69140827255535,43.84172830412878,63.12909542965315,44.5555130445549,55.840140678864486,,,,
46.87837379402768,62.69016945116282,44.1426695205861,42.90681892421344,41.356304056895596,30.190810065772936,40.19109668117048,20.9368875495486,,,38.31169608891945,4.134261741571805,46.91254170495624,19.50571099454808,44.1748434779626,13.977356542898178,41.38644713565424,11.315556251363034,40.22039048341621,9.23145437474895,,,46.88408992948192,58.79859878359639,44.14566880987556,63.171971634069564,44.859480186048415,55.840140678864486,,,,
47.18234093552118,62.4819236561423,44.4466366620796,42.711588491381704,41.6602711983891,30.03462571950756,40.49506382266398,20.728641754528084,,,38.61519695354394,4.18650787068762,47.216730396844426,19.556899461693007,44.47903216985078,14.013919733715966,41.69063582754242,11.322868889526575,40.52457917530438,9.268017565566765,,,47.18801711735536,58.862913090221014,44.449635951369075,63.171971634069564,45.16344732754192,55.840140678864486,,,,
47.4863080770147,62.299708585499346,44.750603803573114,42.529373420738736,41.96423833988261,29.852410648864605,40.799030964157495,20.520395959507567,,,38.918697818168454,4.238753999803436,47.52091908873261,19.600775290674363,44.783220861738954,14.043170286370184,41.99482451943061,11.366744718507931,40.82876786719257,9.297268118220984,,,47.491944305228785,58.927227396845524,44.753563139242516,63.23628594069419,45.46741446903543,55.840140678864486,,,,
47.7902752185082,62.104478152667596,45.054570945066615,42.334142987907,42.268205481376114,29.68321094041042,41.102998105651,20.338180888864613,,,39.22218582095185,4.293742362145821,47.8251077806208,19.65927639598283,45.08740955362714,14.079733477188,42.299013211318794,11.403307909325719,41.13295655908075,9.297268118220984,,,47.7959114467223,58.927227396845524,45.05749032711596,63.30060024731881,45.771381610528934,55.840140678864486,,,,
48.094242360001715,61.89623235764708,45.35853808656013,42.15192791726405,42.57217262286963,29.50099586976748,41.30564286664668,20.208027266976785,,,39.525686685576346,4.345988491261629,48.12929647250898,19.710464863127726,45.391598245515326,14.123609306169328,42.60320190320698,11.410620547489259,41.33574902033955,9.34114394720234,,,48.09985195246911,58.97010360126194,45.36145746860947,63.30060024731881,46.07534875202245,55.840140678864486,,,,
48.39820950149523,61.67497120043778,45.66250522805365,41.96971284662111,42.876139764363145,29.331796161313292,,,,,39.82916182651863,4.403719086830584,48.43348516439717,19.754340692109082,45.69578693740351,14.152859858823575,42.907390595095166,11.454496376470615,,,,,48.40376582246918,59.05585601009477,45.665424610102974,63.30060024731881,46.37931589351595,55.840140678864486,,,,
48.70217664298873,61.49275612979483,45.96647236954715,41.77448241378937,43.18010690585665,29.162596452859134,,,,,40.13263696746091,4.4614496823995395,48.737673856285355,19.80552915925398,45.9999756292917,14.189423049641363,43.21157928698334,11.491059567288431,,,,,48.7077329639627,59.05585601009477,45.96939175159649,63.30060024731881,46.683362942249616,55.71151206561524,,,,
49.00614378448225,61.271494972585515,46.270439511040664,41.56623661876884,43.48407404735016,28.9673660200274,,,,,40.43612497024431,4.516438044741932,49.041862548173526,19.849404988235335,46.30416432117988,14.218673602295581,43.51576797887152,11.491059567288431,,,,,49.01163351608942,59.16304652113581,46.27335889308999,63.30060024731881,46.98733008374313,55.71151206561524,,,,
49.31011092597575,61.07626453975378,46.574406652534165,41.38402154812589,43.788041188843664,28.78515094938443,,,,,40.739612973027704,4.571426407084317,49.34605124006171,19.900593455380232,46.60835301306807,14.255236793113369,43.81995667075971,11.53493539626976,,,,,49.31558733970958,59.18448462334402,46.57732603458351,63.30060024731881,47.29137713247677,55.582883452366104,,,,
49.614078067469265,60.86801874473328,46.87837379402768,41.18879111529415,44.09200833033718,28.60293587874149,,,,,41.043088113969986,4.629157002653265,49.6502399319499,19.94446928436159,46.91254170495624,14.299112622094725,44.124145362647894,11.571498587087575,,,,,49.61955448120308,59.18448462334402,46.88130649395036,63.27916214511049,47.595344273970284,55.582883452366104,,,,
49.918045208962766,60.659772949712746,47.18234093552118,40.980545320273635,44.39597547183068,28.433736170287304,,,,,41.34656325491227,4.686887598222221,49.95442862383808,20.002970389670054,47.216730396844426,14.328363174748944,44.42833405453608,11.578811225251116,,,,,49.9235216226966,59.18448462334402,47.18534022481066,63.171971634069564,,,,,,
50.22201235045628,60.43851179250345,47.4863080770147,40.785314887441885,44.6999426133242,28.277551824021913,,,,,41.650051257695665,4.741875960564599,50.25861731572627,20.05415885681495,47.52091908873261,14.36492636556676,44.732522746424266,11.615374416068903,,,,,50.2274887641901,59.18448462334402,47.48930736630416,63.171971634069564,,,,,,
50.52597949194978,60.23026599748293,47.7902752185082,40.59008445461015,45.0039097548177,28.095336753378973,,,,,41.95352639863795,4.799606556133554,50.562806007614455,20.098034685796307,47.8251077806208,14.394176918220978,45.03671143831245,11.65925024505026,,,,,50.531455905683615,59.18448462334402,47.793274507797676,63.171971634069564,,,,,,
50.8299466334433,60.0220202024624,48.094242360001715,40.38183865958963,45.307876896311214,27.91312168273602,,,,,42.256988677739116,4.8600793849290795,50.86699469950263,20.149223152941232,48.12929647250898,14.430740109038766,45.34090013020062,11.6665628832138,,,,,50.835423047177116,59.18448462334402,48.09729492078462,63.08621922523673,,,,,,
51.1339137749368,59.8007590452531,48.39820950149523,40.173592864569116,45.611844037804715,27.717891249904284,,,,,42.5604380949992,4.923294446951168,51.17118339139081,20.19309898192256,48.43348516439717,14.474615938020122,45.64508882208881,11.695813435868047,,,,,51.13939018867063,59.18448462334402,48.40128869802484,63.043343020820316,,,,,,
51.437880916430316,59.60552861242137,48.70217664298873,39.97836243173738,45.91581117929823,27.535676179261316,,,,,42.86391323594148,4.981025042520123,51.475372083279,20.244287449067457,48.737673856285355,14.50386649067434,45.949277513976995,11.739689264849375,,,,,51.44335733016413,59.18448462334402,48.70525583951836,63.043343020820316,,,,,,
51.74184805792383,59.37125209302329,49.00614378448225,39.783131998905645,46.21977832079175,27.34044574642958,,,,,43.16738837688375,5.0387556380890715,51.779560775167184,20.295475916212382,49.041862548173526,14.540429681492157,46.25346620586518,11.754314541176512,,,,,51.74732447165765,59.18448462334402,49.009302888251995,62.91471440757118,,,,,,
52.04581519941733,59.163006298002756,49.31011092597575,39.56187084169633,46.52374546228525,27.158230675786626,,,,,43.47085065598495,5.099228466884604,52.08374946705537,20.34666438335728,49.34605124006171,14.569680234146375,46.557654897753366,11.768939817503622,,,,,52.05130493102452,59.16304652113581,49.313283347618864,62.89327630536286,,,,,,
52.34978234091085,58.94174514079346,49.614078067469265,39.35362504667583,46.827712603778764,26.976015605143687,,,,,43.774312935086115,5.159701295680122,52.387938158943555,20.390540212338635,49.6502399319499,14.606243424964163,46.86184358964155,11.80550300832141,,,,,52.3553386618848,59.05585601009477,49.61731707847915,62.786085794321934,,,,,,
52.65374948240435,58.72048398358416,49.918045208962766,39.1453792516553,47.131679745272265,26.780785172311937,,,,,44.077762352346184,5.222916357702218,52.69212685083174,20.441728679483532,49.95442862383808,14.650119253945519,47.16603228152974,11.842066199139197,,,,,52.65930580337832,59.05585601009477,49.92132417359274,62.72177148769731,,,,,,
52.957716623897866,58.51223818856364,50.22201235045628,38.924118094446,47.43564688676578,26.598570101668983,,,,,44.38122463144737,5.283389186497736,52.99631554271991,20.49291714662843,50.25861731572627,14.679369806599738,47.47022097341791,11.842066199139197,,,,,52.96331289849189,58.99154170347015,50.22537122232637,62.59314287444806,,,,,,
53.26168376539137,58.27796166916555,50.52597949194978,38.728887661614266,47.66362224288591,26.42937039321481,,,,,44.684686910548535,5.343862015293254,53.3005042346081,20.536792975609785,50.562806007614455,14.715932997417553,47.698362492334056,11.885942028120553,,,,,53.26731999360547,58.927227396845524,50.529378317439964,62.52882856782344,,,,,,
53.56565090688488,58.06971587414503,50.8299466334433,38.50762650440495,,,,,,,44.988136327808604,5.407077077315357,53.604692926496284,20.59529408091825,50.86699469950263,14.745183550071772,,,,,,,53.57128713509897,58.927227396845524,50.8334253661736,62.400199954574305,,,,,,
53.869618048378385,57.848454716935734,51.1339137749368,38.29938070938444,,,,,,,45.29157288322757,5.473034372564015,53.90888161838447,20.639169909899607,51.17118339139081,14.78174674088956,,,,,,,53.87528091233921,58.88435119242922,51.13745909703391,62.293009443533265,,,,,,
54.1735851898719,57.61417819753764,51.437880916430316,38.078119552175124,,,,,,,45.59502230048764,5.536249434586111,54.213070310272656,20.690358377044504,51.475372083279,14.825622569870916,,,,,,,54.179301325326136,58.79859878359639,51.44146619214747,62.228695136908755,,,,,,
54.477552331365416,57.39291704032834,51.74184805792383,37.86987375715462,,,,,,,45.89845885590661,5.602206729834769,54.51725900216084,20.73423420602586,51.779560775167184,14.854873122525134,,,,,,,54.48329510256636,58.755722579179974,51.7455531945012,62.03575221703488,,,,,,
54.78151947285892,57.15864052093026,52.04581519941733,37.63559723775654,,,,,,,46.201908273166666,5.665421791856858,54.82144769404903,20.785422673170785,52.08374946705537,14.90606158967006,,,,,,,54.78731551555329,58.66997017034714,52.04957360748814,61.94999980820205,,,,,,
55.08548661435243,56.95039472590973,52.34978234091085,37.42735144273601,,,,,,,46.505357690426735,5.72863685387896,55.1256363859372,20.836611140315682,52.387938158943555,14.9133742278336,,,,,,,55.091309292793525,58.62709396593084,52.35366060984185,61.75705688832818,,,,,,
55.389453755845935,56.71611820651165,52.65374948240435,37.20609028552671,,,,,,,46.80880710768682,5.791851915901049,55.429825077825384,20.88779960746058,52.69212685083174,14.979187971305635,,,,,,,55.39534302365382,58.519903454889686,52.6576810228288,61.67130447949535,,,,,,
55.69342089733945,56.48184168711357,52.957716623897866,36.99784449050618,,,,,,,47.11224366310577,5.857809211149707,55.73401376971357,20.938988074605504,52.99631554271991,14.993813247632744,,,,,,,55.699376754514105,58.41271294384876,52.96178134305586,61.45692345741338,,,,,,
55.99738803883295,56.24756516771548,,,,,,,,,47.41566735668361,5.926508739624936,56.038202461601756,20.98286390358686,,,,,,,,,56.00339716750105,58.32696053501593,,,,,,,,
56.30135518032647,56.03931937269496,,,,,,,,,47.71909105026148,5.995208268100164,56.34239115348994,21.034052370731757,,,,,,,,,56.30743089836133,58.21977002397489,,,,,,,,
56.503999941322135,55.85710430205201,,,,,,,,,48.02252760568044,6.06116556334883,56.54518361474872,21.055990285222407,,,,,,,,,56.51011561297709,58.155455717350264,,,,,,,,
,,,,,,,,,,48.32593843741718,6.132607325050635,,,,,,,,,,,,,,,,,,,,
,,,,,,,,,,48.62937499283615,6.198564620299294,,,,,,,,,,,,,,,,,,,,
,,,,,,,,,,48.9328115482551,6.264521915547952,,,,,,,,,,,,,,,,,,,,
,,,,,,,,,,49.236222379991844,6.335963677249751,,,,,,,,,,,,,,,,,,,,
,,,,,,,,,,49.53965893541081,6.401920972498424,,,,,,,,,,,,,,,,,,,,
,,,,,,,,,,49.843069767147554,6.473362734200215,,,,,,,,,,,,,,,,,,,,
,,,,,,,,,,50.146480598884295,6.544804495902014,,,,,,,,,,,,,,,,,,,,
,,,,,,,,,,50.44989143062105,6.6162462576038195,,,,,,,,,,,,,,,,,,,,
,,,,,,,,,,50.75328940051668,6.690430252532181,,,,,,,,,,,,,,,,,,,,
,,,,,,,,,,51.05671309409453,6.759129781007417,,,,,,,,,,,,,,,,,,,,
,,,,,,,,,,51.360111063990175,6.833313775935785,,,,,,,,,,,,,,,,,,,,
,,,,,,,,,,51.663534757568016,6.902013304411014,,,,,,,,,,,,,,,,,,,,
,,,,,,,,,,51.96691986562254,6.978939532565953,,,,,,,,,,,,,,,,,,,,
,,,,,,,,,,52.27034355920041,7.047639061041181,,,,,,,,,,,,,,,,,,,,
,,,,,,,,,,52.57374152909604,7.121823055969557,,,,,,,,,,,,,,,,,,,,
,,,,,,,,,,52.87713949899167,7.196007050897926,,,,,,,,,,,,,,,,,,,,
,,,,,,,,,,53.18048602152288,7.281159978732568,,,,,,,,,,,,,,,,,,,,
,,,,,,,,,,53.48388399141852,7.355343973660936,,,,,,,,,,,,,,,,,,,,
,,,,,,,,,,53.78726909947305,7.432270201815875,,,,,,,,,,,,,,,,,,,,
,,,,,,,,,,54.09064134568648,7.511938663197377,,,,,,,,,,,,,,,,,,,,
,,,,,,,,,,54.394039315582106,7.586122658125753,,,,,,,,,,,,,,,,,,,,
,,,,,,,,,,54.69742442363663,7.6630488862806985,,,,,,,,,,,,,,,,,,,,
,,,,,,,,,,55.00079666985006,7.7427173476622,,,,,,,,,,,,,,,,,,,,
,,,,,,,,,,55.30419463974569,7.816901342590562,,,,,,,,,,,,,,,,,,,,
,,,,,,,,,,55.607579747800216,7.893827570745508,,,,,,,,,,,,,,,,,,,,
,,,,,,,,,,55.910939132172544,7.976238265353587,,,,,,,,,,,,,,,,,,,,
,,,,,,,,,,56.214349963909285,8.047680027055385,,,,,,,,,,,,,,,,,,,,
,,,,,,,,,,56.441837347585746,8.116343631077868,,,,,,,,,,,,,,,,,,,,
